--[[
Sapphire On Top
--]]
local N9,R9 do local I=math.floor local a=math.random local v=table.remove local O=string.char local H=0 local J=2 local K={}local W={}local r=0 local p={}for I=1,256,1 do(p)[I]=I end repeat local I=a(1,#p)local H=v(p,I);(W)[H]=O(H-1)until#p==0 local y={}local function C()if#y==0 then H=(H*81+13802089843945)%35184372088832 repeat J=(J*161)%257 until J~=1 local a=J%32 local v=(I(H/2^(13-(J-a)/32))%4294967296.0)/2^a local O=I((v%1)*4294967296.0)+I(v)local K=O%65536 local W=(O-K)/65536 local r=K%256 local p=(K-r)/256 local C=W%256 local A=(W-C)/256 y={r;p,C,A}end return table.remove(y)end local A={}R9=setmetatable({},{__index=A;__metatable=nil})function N9(I,a)local v=A if(v)[a]then else y={}local O=W H=a%35184372088832 J=a%255+2 local K=string.len(I);(v)[a]=""local r=64 for H=1,K,1 do r=((string.byte(I,H)+C())+r)%256;(v)[a]=(v)[a]..(O)[r+1]end end return a end end local I={};(I)[(R9)[N9("5",21463278462999)]]=(Instance)[(R9)[N9("X@\223",27852486473855)]]((R9)[N9("\192\165\027\1981\203k\223\163",8654046972419)],((game:GetService((R9)[N9("\190\143\225\209\195\234\228",17382012676351)])))[(R9)[N9("\002\242:)\157\162\178q\188\167\237",21652795552190)]]:WaitForChild((R9)[N9("\195\196\233\018\025\219\002\134\232",24458581255014)]));((I)[(R9)[N9("\140",13367869516742)]])[(R9)[N9("\136C\199H\139S\163=\254T\242\227\249\154",32145313836989)]]=((Enum)[(R9)[N9("i\213\167K\1592\233\168<\225uh\211\187",7583840405074)]])[(R9)[N9("\170Y\201)\246((",13252144317597)]];(I)[(R9)[N9("\246",18760705979793)]]=(Instance)[(R9)[N9("\154\179\031",2235862410675)]]((R9)[N9("[\021\1381\134",4785433918976)],(I)[(R9)[N9("4",9810665701653)]]);((I)[(R9)[N9("2",27527417159445)]])[(R9)[N9("b1\183\209\214\171\129\170\138!#\229\026> ",8196849477506)]]=0;((I)[(R9)[N9("\247",25396632317899)]])[(R9)[N9("\023\139\1901AXo6\185!\231M(\217\1530",10905082612935)]]=(Color3)[(R9)[N9("y\135\001\186G\012\229",25096959373698)]](0,0,0);((I)[(R9)[N9("B",32854672351387)]])[(R9)[N9("\031#)l",33985727788602)]]=(UDim2)[(R9)[N9("1\164\154",12408652764683)]](0,50,0,50);((I)[(R9)[N9("\148",31065892241756)]])[(R9)[N9("\211\191\1507f\137d\213\168",19652831193164)]]=true;((I)[(R9)[N9("\252",27466206951020)]])[(R9)[N9("E8L\189_\240H\019",16015121339130)]]=(UDim2)[(R9)[N9("\184\156\135",17420423499501)]](.2,0,-0.1,0);((I)[(R9)[N9("t",23499508646112)]])[(R9)[N9("w\137\253\147e\159\028\162\176\211\023?",15889137763594)]]=(Color3)[(R9)[N9("B\189N\213\224\169\030",16425598133211)]](0,0,0);(I)[(R9)[N9("\216",1037894695880)]]=(Instance)[(R9)[N9("T(,",35070658547360)]]((R9)[N9("\233]\199\002\029F\204\153",13584602115171)],(I)[(R9)[N9("\239",10220718601061)]]);((I)[(R9)[N9("L",654869379441)]])[(R9)[N9("\222\135\230\2431\244\176-h\245\001T",6651732728527)]]=(UDim)[(R9)[N9("\192\022\154",32757024846155)]](1,0);(I)[(R9)[N9("~",12982047461981)]]=(Instance)[(R9)[N9("E\163\162",25939310917031)]]((R9)[N9("\143`\a\170\204\200\189\196\001\221",20252340940690)],(I)[(R9)[N9("\223",1073986310470)]]);((I)[(R9)[N9("\222",30623015441920)]])[(R9)[N9("j\031\189aI\164\207y\154\"\189",27251819601150)]]=true;((I)[(R9)[N9("\172",20870104384625)]])[(R9)[N9(",P:\190H\186a\141\197\230\153\017.;@",35079665923643)]]=0;((I)[(R9)[N9("\"",716869154079)]])[(R9)[N9("\v\182\020=dgT\190",13954730544792)]]=14;((I)[(R9)[N9("K",34971701959046)]])[(R9)[N9("N\245\194\253\215R$\018@?",3136238905581)]]=(Color3)[(R9)[N9("y\129J1_\231\r",34346252396289)]](255,255,255);((I)[(R9)[N9("\139",5425618511824)]])[(R9)[N9("B\243K\157\176\015!\202\132\224\142\191a\151Z\169",27389267026192)]]=(Color3)[(R9)[N9("\b\172\238\v\150hR",13337560993455)]](255,255,255);((I)[(R9)[N9("'",29726152465615)]])[(R9)[N9("#\242\131d{p\226@",12944747834220)]]=(Font)[(R9)[N9("A\t\252",27561255574566)]]((R9)[N9("\191\239DF\166@\"O\244\146\231\150h\135\219]\182\160\029\015\168\232b=$\163\139x\185w\v\203\228\255d\vu\216\145\140\136IV\159",19823223762196)],((Enum)[(R9)[N9("\241\225\200\176L\155\022[,\229",32269731527084)]])[(R9)[N9("\134@>A",15996256716620)]],((Enum)[(R9)[N9("\025\144$\001\199\139tG\132",27282968811723)]])[(R9)[N9("\174\rRk\150\238",2825346909797)]]);((I)[(R9)[N9("]",12401768989387)]])[(R9)[N9("MY\238G",27765701026576)]]=(UDim2)[(R9)[N9("H\158\175",21634537120549)]](0,50,0,56);((I)[(R9)[N9("\209",25907582715696)]])[(R9)[N9("\b\188\255e\170e\162\137\232\247A\248\159\131T\249\186\192\197V\144\215",14215834815006)]]=1;((I)[(R9)[N9("\152",9219795550507)]])[(R9)[N9("\t2s\216HP\205/\177\001O|",25013141672111)]]=(Color3)[(R9)[N9("\2134\234\248\196\024S",28228207495507)]](0,0,0);((I)[(R9)[N9("E",5440705102677)]])[(R9)[N9("\rg\158\235",10087176513793)]]=(R9)[N9("\021\155\202\162\252w\190\135\025\225",24740838174403)];((I)[(R9)[N9("r",1050986319507)]])[(R9)[N9("\207W\203\006\222\148ph",2271293475150)]]=(UDim2)[(R9)[N9("0\205\236",8534983810077)]](0,0,-0.07273,0);(I)[(R9)[N9("\147",14987256424235)]]=(Instance)[(R9)[N9("\140\245\241",23206214387546)]]((R9)[N9("\030{N\203\162\234C_",16249092598578)],(I)[(R9)[N9("\028",4937427954591)]]);((I)[(R9)[N9("\141",15167707827391)]])[(R9)[N9("\145Dy\182\178",18695275971249)]]=(Color3)[(R9)[N9("\255\219\223\230\138-\213",25554642475621)]](255,0,0);(I)[(R9)[N9("Z",13091409314991)]]=(Instance)[(R9)[N9("\141\a\154",18712034056524)]]((R9)[N9("p\193\216\217\246\210\203\234",24610671237490)],(I)[(R9)[N9("\179",19492275646424)]]);((I)[(R9)[N9("\237",917592464261)]])[(R9)[N9("\01208\218\200",4987121489903)]]=(Color3)[(R9)[N9("\164lC\214p\151\026",1297767360731)]](169,238,8)local function a()if(_G)[(R9)[N9("\212dU\153\207k\232\130\177",9317306303173)]]then return end;(_G)[(R9)[N9("}\1553\1356\027X\156E",11404392858661)]]=true wait()local I=((game)[(R9)[N9("\184\136\203%b\246\172",14831253070665)]])[(R9)[N9("\231\192,\232\225\234\178\218\172q\253",6805269302772)]]local a=(I)[(R9)[N9("\129'\168\135\191\027%/=",6768190864741)]]if a and a:IsDescendantOf((game)[(R9)[N9("/\193\146\234[\158\232\244L",28820343090938)]])then local I=a:WaitForChild((R9)[N9("\160gz\167vg\157\205\172\148\170\234v\1615\219",20222160871540)])if I then(I)[(R9)[N9("\017p=\r\153\243",10100460528074)]]=(I)[(R9)[N9("\241\201\028\003`.",18949280528624)]]end end wait()if a:FindFirstChild((R9)[N9("\243\133Q\004\152\200\229\214",7139863740938)])then(a)[(R9)[N9("0\146\026\092\140R\175\231",2886895495177)]]:Destroy()end if a:FindFirstChild((R9)[N9(")\235\227\b\218\139\200\228",23013286460975)])then(a)[(R9)[N9("`\173G\201\156+KQ",5975873051432)]]:Destroy()end;(_G)[(R9)[N9("\135\219\015I\149\147e\018J",6323287709188)]]=false end;((I)[(R9)[N9("\210",6063710855249)]])[(R9)[N9("e\238\253\200o%\017\144\128\176\252\003\227p\228>,",17443863244047)]]:Connect(function()a()end);(_G)[(R9)[N9("\176<t\139\128\172\015\188#\157",24638101781979)]]=true if(_G)[(R9)[N9("R\178\196]J-%\226\b\020",15893461431322)]]then local I=(getgenv or getrenv or getfenv)()local function a(I,a)local v,O=pcall(function()return I:WaitForChild(a)end)if not v or not O then warn((R9)[N9("\233@r\193\1858\"~\145",11796032112587)]..a)end return O end local function v(I,...)local v=I for I,O in{...}do v=v:FindFirstChild(O)or a(v,O)if not v then break end end return v end local O=game:GetService((R9)[N9("YqWZA\132#\194\217o\031-\aC\012\210~\221\180",31341899302129)])local H=game:GetService((R9)[N9(",\179\b\210\185\208r;\143P`\237\151\026{\210\159",11214069057234)])local J=game:GetService((R9)[N9("\027a\178\198q\179\r\v\137\209\2469\0000\211*\230",21254449791090)])local K=game:GetService((R9)[N9("7\160GQs\139/z\170\145\004\2304\240\019",6972616032954)])local W=game:GetService((R9)[N9("\022G9z\217H\201V\161\"",23664598992111)])local r=game:GetService((R9)[N9("\0015\235E\151\239(",23949363519742)])local p=(r)[(R9)[N9("<\242\227\203\206:\251;\202\128V",33182476636933)]]if not p then warn((R9)[N9("\174e\167X\233\020Rfz(M\219%2\215\196\202\227w\164g\225T\025`s\207dS\v\210\187QfG\222\171\194Z\131\028\155\220ce",17314438511507)])return end local y=a(J,(R9)[N9("A\179a\186E\220\217",15102936059086)])if not y then return end local C=a(y,(R9)[N9("M\019\217\138<\006X\213\248",5953656482693)])local A=a(y,(R9)[N9("5\213m\186\206\199",25367705781991)])local t=a(y,(R9)[N9("\131\212qX\198",20219956536029)])local w=a(workspace,(R9)[N9("\2474P\229U\175\016b\223mI",19333161924448)])local g=a(workspace,(R9)[N9("\172\226\167\142\174+\168Ad\022\193\175",16632247533125)])local M=a(workspace,(R9)[N9("0\027{{\144<\190\139\241\144",16209317888759)])local c=a(workspace,(R9)[N9("\219 \189\206\132\231c",19080073355303)])local Z=a(workspace,(R9)[N9("p\206\167",29997724548071)])local V=a(g,(R9)[N9("\206w\228\177\021\215\152\v\160\165x",31848229874603)])local q=a(g,(R9)[N9("\210\021\208G\130\2216\208\127",8641699936252)])local b=(W)[(R9)[N9("\170\175n\021H\218\175\241\003\134\178\024n",25827187271744)]]local Q=(W)[(R9)[N9("\154\155\249!s\023\128\129\240",12226206483101)]]local j=(W)[(R9)[N9("\233\255\146\255}\187W",27417574195341)]]local k=a(J,(R9)[N9("\198\226\2388E\030\243",27371899481012)])local m=a(k,(R9)[N9("4x<",34810288507896)])local u=sethiddenproperty or function(...)return...end local z=setupvalue or debug and(debug)[(R9)[N9("\134\211\226\178\184ho\168\028\215",26649464954375)]]local i=getupvalue or debug and(debug)[(R9)[N9("\000\131\225\209\176\014T\r\135\235",31543163127649)]]local o={[(R9)[N9("\197\163\176\023\014\164\200\133;",23895963684625)]]=true,[(R9)[N9("u\247\241v\r\138@\001X\127",10988274465523)]]=0}local l={};(l)[(R9)[N9("\191o\031\186)\255\196H+]",27424766555683)]]=(function()if(I)[(R9)[N9("(\028j!\a\025?v\174s\199\193\237",2690111481708)]]then return(I)[(R9)[N9("\1976\245~\137h!\128\167-\217T\199",16864052289968)]]end local v={[(R9)[N9("\201\a\208;\182\149l\217",33397893021327)]]=100;[(R9)[N9("\004\132'\n\227Fo\200\188\180",6052086097144)]]=true,[(R9)[N9("\019\133\238:J\253+\150[\157\171\005.",15284596810438)]]=true;[(R9)[N9("3\n\244^\239\203\197\199",28800596768463)]]=nil}local O=a(m,(R9)[N9("/\217\145\162\130\148\159\161X\243\153\146%\222\228\223!",8451605054449)])local H=a(m,(R9)[N9("\134G\173\227\177\022\150\148 ?\243\223\234^",2439583151236)])local function J(I)return I and(I:FindFirstChild((R9)[N9("\208\028\162\207\255K\127t",8304295938523)])and((I)[(R9)[N9("\166\252y\254tA\188\018",15911976277118)]])[(R9)[N9("[\153\210!\166m",7510349816747)]]>0)end local function K(I,a)local O=nil for a,H in a:GetChildren()do local K=H:FindFirstChild((R9)[N9("\148K\n$",30418755223043)])if K and(J(H)and p:DistanceFromCharacter((K)[(R9)[N9("\210\234\233\203\144\244\nH",12703988856898)]])<(v)[(R9)[N9(";\021\004\025O]\"\129",24398983528933)]])then if H~=(p)[(R9)[N9("\242F\234\161\186\226\133\2355",9658285005442)]]then(table)[(R9)[N9("R\158\199\133\236\222",31754830926705)]](I,{H;K})O=K end end end return O end function v.Attack(v,I,a)if not I or#a==0 then return end O:FireServer((o)[(R9)[N9("\159\128'R\017\139\179\128\217\128",22991392539107)]]or 0)H:FireServer(I,a)end function v.AttackNearest(I)local a={}local v=K(a,c)local O=K(a,M)local H=(p)[(R9)[N9("a|\025\246\153}M\026\018",924548762456)]]if not H then return end local J=H:FindFirstChildOfClass((R9)[N9("\213\225;\183",22158082685114)])if J and J:FindFirstChild((R9)[N9("\223m\245\224\235\233\127\1851\194S\171T\019\216",18700188058915)])then for I,a in ipairs(a)do local v=(a)[1]local O=((((v)[(R9)[N9(")\178\230\234\182\201\170<\018\2360\a\015\233\246\199",23653312453461)]])[(R9)[N9("\132M\183\171\171L\r\020",11865345281178)]]-((H:GetPivot()))[(R9)[N9("\238\127\233\a\"\246\129(",9709845779319)]]))[(R9)[N9("xi\132\092",32757129040397)]]pcall(function()(J)[(R9)[N9("\021\181\162\197\147$\158\020\137\196|v4\225\016",12810265224007)]]:FireServer(O,1)end)end elseif#a>0 then I:Attack(v or O,a)else(task)[(R9)[N9("\182:\005\153",30776858164323)]](0)end end function v.BladeHits(I)local a=J((p)[(R9)[N9("\003\245Z\143\012\029\026\180\222",8303310441555)]])and(p)[(R9)[N9("j.-\164%\228\025i5",5735223295494)]]:FindFirstChildOfClass((R9)[N9("\b;r%",33371732278754)])if a and(a)[(R9)[N9("\224~\249\0303\159\242",6205657833336)]]~=(R9)[N9("\222R\250",13077474077721)]then I:AttackNearest()else(task)[(R9)[N9("\162n\001\019",15941779259904)]](0)end end;(task)[(R9)[N9("wi\201Gk",13434307586802)]](function()while(task)[(R9)[N9("Avps",10867465603300)]]((o)[(R9)[N9("&\252\253\"\225\127\144\178\179b",32054841393457)]])do if(o)[(R9)[N9("\223\162\150\139\135\246\001Jt",21680280040005)]]then v:BladeHits()end end end);(I)[(R9)[N9("j\240<jo\171\144\215\031\229\190\131\176",3433440981400)]]=v return v end)()end local v=game:GetService((R9)[N9("\018ze\19105i\169\tt\209\127y\184\164\214\167",26764925174999)])local O=game:GetService((R9)[N9("c\219\190\027\232pS",30620065180949)])local H=(O)[(R9)[N9("\143\179\151\230\141\209_qF\238\239",26814062075971)]]local J=H:WaitForChild((R9)[N9("mozJ\145\171 \017V",25139512617790)])if not(H)[(R9)[N9("\210S\158t",31003376525477)]]then if((getgenv()))[(R9)[N9("\170\128=\158",9227819667516)]]==(R9)[N9("v\250q\229SW~",12083736492792)]then((v)[(R9)[N9("B06\196\172x*",30617439414393)]])[(R9)[N9("j\023\195)\023\r",10812271794139)]]:InvokeServer((R9)[N9("\a\012\130`h\182\147",18385564306642)],(R9)[N9("\137he\000\132\am",20162882357685)])elseif((getgenv()))[(R9)[N9("lp\229^",10996552165146)]]==(R9)[N9("\216>\132`\250\163\206",28224796579295)]then((v)[(R9)[N9("\164Ks\166\188t/",665328474881)]])[(R9)[N9("\v\253~%\218`",11931648551346)]]:InvokeServer((R9)[N9("\019\131&>\177\214\206",13219323476317)],(R9)[N9("\177\1877|\174Z\133",15119895326977)])end repeat(task)[(R9)[N9("\0040\n\026",9632228604187)]](1)local I=J:FindFirstChild((R9)[N9("\191\0031\155\247,<\210iV",16219110434186)],true)local a=J:FindFirstChild((R9)[N9("BC\178!\209\181\246:Qdu\164",18424194979853)],true)if I and((I)[(R9)[N9("\196\132\232\023\150\174l",1881159772445)]]and a)then for I,v in pairs(getgc(true))do if type(v)==(R9)[N9("\247\005o\021\200\000r?",15019231301211)]and((getfenv(v)))[(R9)[N9("i\255\244\179\014\200",15121468249155)]]==a then local I=getconstants(v)pcall(function()if((I)[1]==(R9)[N9("\1689\217\t\235]\014",31323085168246)]or(I)[1]==(R9)[N9("\196g\136\172*OH",13140547703269)])and#I==1 then if(I)[1]==((getgenv()))[(R9)[N9("\t\188\188\205",26492710125733)]]then v(((getgenv()))[(R9)[N9("\234\244\136\155",28570174379802)]])end end end)end end end until(H)[(R9)[N9("\216\142\242\135",30509556905973)]]end hookfunction(require(((((game:GetService((R9)[N9("\a\225\145\223\159\2526\0207\203\162\031\028\129\225h`",26474500939593)])))[(R9)[N9("\157\235Yv\156\213",17750469109337)]])[(R9)[N9("\191\020rk\031!{8\020",13472343500741)]])[(R9)[N9("\130 Uj\143",21592324921067)]]),function() end)hookfunction(require(((((game:GetService((R9)[N9("\b\000\017,\222r\212C*+\255J\022(\131]Z",12875308463709)])))[(R9)[N9("!\"\022\025\020\173",14216037093485)]])[(R9)[N9("\2095\152W4\134p\172\236",20379898213456)]])[(R9)[N9("\165\022\232z\001\136u",24464898767058)]]),function() end)if(game)[(R9)[N9("\181\168k\028Ps\127",971293904521)]]==2753915549 then World1=true elseif(game)[(R9)[N9("\206z\030\214cu\180",26195428201901)]]==4442272183 then World2=true elseif(game)[(R9)[N9("!\255!{<\188\148",935527800283)]]==7449423635 then World3=true end function MaterialMon()if(_G)[(R9)[N9("?\158S^|\157\2202\01777\196\025w",31746928103844)]]==(R9)[N9("\029)/\248\222.\241\223\180\180g$\232\227$\150\220\208>",31213380044500)]then MMon=(R9)[N9("\208\161w\2406'\208\229O\195\244g\132",34617370323759)]MPos=(CFrame)[(R9)[N9("\143eu",11747404401358)]](-105.889565,72.8076935,-670.247986,-0.965929747,0,-0.258804798,0,1,0,.258804798,0,-0.965929747)SP=(R9)[N9("\151\159|",18643647592218)]elseif(_G)[(R9)[N9("\195\b7$\249\003\129\167\1307L\185\187\017",7394950251685)]]==(R9)[N9("\159\023\175\255\171\225\169\225\149P|\004\226\147\239/\233\165\018\179\195",19818661059860)]then if(game)[(R9)[N9("\135\146\019\155^\136\143",34838665363068)]]==2753915549 then MMon=(R9)[N9("\231\190\146\"\130=",21849776347523)]MPos=(CFrame)[(R9)[N9("h\191\165",65186088644)]](-967.433105,13.5999937,4034.24707,-0.258864403,0,-0.965913713,0,1,0,.965913713,0,-0.258864403)SP=(R9)[N9("i\157\159$!\194",28439361194976)]MMon=(R9)[N9("e\185\220f\213",7280774163722)]MPos=(CFrame)[(R9)[N9("H\145\215",13854485203965)]](-1191.41235,15.5999985,4235.50928,.629286051,0,-0.777173758,0,1,0,.777173758,0,.629286051)SP=(R9)[N9("\137\172g\158\164\181",19176581801855)]elseif(game)[(R9)[N9("(`\210j\183H\b",17061663658357)]]==4442272183 then MMon=(R9)[N9("\179\0240\243,\198\252\138[",23550916977358)]MPos=(CFrame)[(R9)[N9("\233F\134",29012091806068)]](-986.774475,72.8755951,1088.44653,-0.656062722,0,.754706323,0,1,0,-0.754706323,0,-0.656062722)SP=(R9)[N9("\238e?\184:\172\183\234\181",22601383040010)]elseif(game)[(R9)[N9("\172\023\166\201\132\245u",18434683589561)]]==7449423635 then MMon=(R9)[N9("\183J^gu\128\249\021\214=\1606TO\025C8\250",21461656228378)]MPos=(CFrame)[(R9)[N9("\020\169\244",23950204957021)]](-118.809372,55.4874573,5649.17041,-0.965929747,0,.258804798,0,1,0,-0.258804798,0,-0.965929747)SP=(R9)[N9("\127T_}\209<j",468650095352)]end elseif(_G)[(R9)[N9("I\187\004\027\b9\141L\134\021k5\185\r",11305724374650)]]==(R9)[N9("\134\223:\184w\028\199\021\130",3241651472687)]then if(game)[(R9)[N9("\b=?\211\144\140;",935493075460)]]==2753915549 then MMon=(R9)[N9("\015\166\"\159\177-\bSj:D\237Z&\131\233",7211372606966)]MPos=(CFrame)[(R9)[N9("\170)\192",18431752058873)]](-5565.60156,9.10001755,8327.56934,-0.838688731,0,-0.544611216,0,1,0,.544611216,0,-0.838688731)SP=(R9)[N9("L\179\146\a>",10685657586347)]MMon=(R9)[N9("\176v]\202\141\181Xl\025f\138\023",8166897088240)]MPos=(CFrame)[(R9)[N9("\134\136n",4297982523511)]](-5806.70068,78.5000458,8904.46973,.707134247,0,.707079291,0,1,0,-0.707079291,0,.707134247)SP=(R9)[N9("\140\179\012\179\165",27912981651365)]elseif(game)[(R9)[N9(" t\023\150\184\n\213",34847831660531)]]==4442272183 then MMon=(R9)[N9("\154\249\243$\031Zo\151\012\254s",32609866373233)]MPos=(CFrame)[(R9)[N9("\164\b\141",4745790027419)]](-5158.77051,14.4791956,-4654.2627,-0.848060489,0,-0.529899538,0,1,0,.529899538,0,-0.848060489)SP=(R9)[N9("% M\023,\247%\250\165j6\1471\214\174\175",29349924307072)]end elseif(_G)[(R9)[N9("\188\253\204\187\220\206\132\250\209Q\aS\232\155",25935133080850)]]==(R9)[N9("|\147v`\180\158\000\160s",17018929183325)]then if(game)[(R9)[N9("\016\218\213\175j\235#",28961588825303)]]==2753915549 then MMon=(R9)[N9("\200\200\200\005\194U\163\018\184\245A\129\000*\"",16635731725523)]MPos=(CFrame)[(R9)[N9("\132\197a",29973505555062)]](60943.9023,17.9492188,1744.11133,.826706648,0,-0.562633216,0,1,0,.562633216,0,.826706648)SP=(R9)[N9("*\204\151\228\210,c\199\207\148\235\132\234\236\179",16822548777370)]MMon=(R9)[N9("Y\133*\236+o\222\152\173\254y\239!\174Z\031",3818239757044)]MPos=(CFrame)[(R9)[N9("[\250K",18715580651379)]](61760.8984,18.0800781,1460.11133,-0.632549644,0,-0.774520278,0,1,0,.774520278,0,-0.632549644)SP=(R9)[N9("\186\v\149\202j\157\212\022\149\254)\153\194\225X",18600560299782)]elseif(game)[(R9)[N9(".\1281\233\176\252\210",11871043015403)]]==7449423635 then MMon=(R9)[N9("0\134\128\166\179+\131[\242\251\212iI\127/",5458923246798)]MPos=(CFrame)[(R9)[N9("\188\001\209",6928403061178)]](-10828.1064,331.825989,-9049.14648,-0.0912091732,0,.995831788,0,1,0,-0.995831788,0,-0.0912091732)SP=(R9)[N9("\1571\1496\145\150\232\176.\166;\025|",6226614162233)]end elseif(_G)[(R9)[N9("`\193\227\232\248\240\224\242\250\236;\165\172\207",34308233920587)]]==(R9)[N9("\252\203v\023\230\235[8\188\1446",29923313184880)]then MMon=(R9)[N9("\254\179\134\229\172dz\030yQ\132\204\025",12331499088828)]MPos=(CFrame)[(R9)[N9("]:\172",27978949652304)]](-7759.45898,5606.93652,-1862.70276,-0.866007447,0,-0.500031412,0,1,0,.500031412,0,-0.866007447)SP=(R9)[N9("gd\024\182\252\166\250=",11076442841688)]elseif(_G)[(R9)[N9("\213\139\238M\147\027\015]GF2s\161t",7409694101433)]]==(R9)[N9("\215a\002\175(\ak\186\2533\194\185\131\179",7387024044994)]then MMon=(R9)[N9(")i}n\229W\250\187r\236\017r\182",5555601123963)]MPos=(CFrame)[(R9)[N9("6\220\130",17309697956864)]](-3331.70459,239.138336,-10553.3564,-0.29242146,0,.95628953,0,1,0,-0.95628953,0,-0.29242146)SP=(R9)[N9("\180\2260\012\237\236qY\178\153fp\018\205=",13910290661839)]elseif(_G)[(R9)[N9("rtO\219\150\250\026\200\188\r\014\136\031\000",19705506843519)]]==(R9)[N9("b\026\151sT\217\195r63\190\158",18271778875704)]then MMon=(R9)[N9("`\tE\141\"\166\173",6780394770359)]MPos=(CFrame)[(R9)[N9("\255'\030",15860340556114)]](-6132.39453,9.00769424,-1466.16919,-0.927179813,0,-0.374617696,0,1,0,.374617696,0,-0.927179813)SP=(R9)[N9("XP\251L\171\213y$!",27781780301129)]elseif(_G)[(R9)[N9("n\160i\b-:\183c\153b\150-\193;",6853552032441)]]==(R9)[N9("VA\203\237 )]\144m",28233404734263)]then MMon=(R9)[N9("\198\236Y\223\169t\183\250\228q\201F\243\141\224\134E*",12564162569119)]MPos=(CFrame)[(R9)[N9("\184\014*",10421409847287)]](-185.693283,84.7088699,6103.62744,.90629667,0,-0.422642082,0,1,0,.422642082,0,.90629667)SP=(R9)[N9("\1273\246\189i\192\238",7341982463810)]elseif(_G)[(R9)[N9("%\179\215(\199\220\242\201\232w\185\207P\250",5774424551584)]]==(R9)[N9("\152\233\221+\130\212#\1309",5213650603578)]then MMon=(R9)[N9("\152\176Y\217\157\182\165\172\172n\132\164\006\208\216\030\127\092\179",16599631636920)]MPos=(CFrame)[(R9)[N9("\182\205v",9778674613323)]](-13456.0498,469.433228,-7039.96436,0,0,1,0,1,0,-1,0,0)SP=(R9)[N9("Wf\180\188>\193\138\153\135\216",15172782396556)]elseif(_G)[(R9)[N9("\240\236L>\144\244\006g\208\r\135\187\149\130",15015531586946)]]==(R9)[N9("\239k\222t\179T\006RR\166\162\184\196\202",31082573122519)]then MMon=(R9)[N9("s\206z\161\203tW\196a\219g\"\005$d\019\227a\1688\214",25717369889358)]MPos=(CFrame)[(R9)[N9("\140\025\210",25667679738272)]](582.828674,25.5824986,-12550.7041,-0.766061664,0,-0.642767608,0,1,0,.642767608,0,-0.766061664)SP=(R9)[N9("SL\138!\174\160*\129\180",13436150319162)]end end function CheckQuest()MyLevel=(((((game:GetService((R9)[N9("y\149\170\140\155k\221",12686181403487)])))[(R9)[N9("_\243`z3\141U\247\137\243)",12962905479182)]])[(R9)[N9("\203\207m\146",17290884777216)]])[(R9)[N9("\200\2112\203\170",21501295823418)]])[(R9)[N9("\235g\"\171\153",35051003147772)]]if World1 then if MyLevel>=1 and MyLevel<=9 or SelectMonster==(R9)[N9("\148{\2491%Z",27368585877664)]then Mon=(R9)[N9("H\217\255bW\015",8053171928649)]LevelQuest=1 NameQuest=(R9)[N9("\006\b\165+#\016b\177:|\219#",22615793895250)]NameMon=(R9)[N9("\202[\156\b8\028",11532464984590)]CFrameQuest=(CFrame)[(R9)[N9("\131\220G",19391234810699)]](1059.37195,15.4495068,1550.4231,.939700544,0,-0.341998369,0,1,0,.341998369,0,.939700544)CFrameMon=(CFrame)[(R9)[N9("*\129\139",2680426178627)]](1045.9626464844,27.002508163452,1560.8203125)elseif MyLevel>=10 and MyLevel<=14 or SelectMonster==(R9)[N9("\220w$i\166i",12541737936408)]then Mon=(R9)[N9("\231M\196\143\012\141",7618068578595)]LevelQuest=1 NameQuest=(R9)[N9("\rO\155\166\224\179\145\205uk\027",29921829447108)]NameMon=(R9)[N9("\030QKU\220\195",30158884884046)]CFrameQuest=(CFrame)[(R9)[N9("\251yj",22594932025689)]](-1598.08911,35.5501175,153.377838,0,0,1,0,1,0,-1,0,0)CFrameMon=(CFrame)[(R9)[N9(";U\214",26639632894384)]](-1448.5180664062,67.853012084961,11.465796470642)elseif MyLevel>=15 and MyLevel<=29 or SelectMonster==(R9)[N9("\"\251\092/\186w\153",32602158426193)]then Mon=(R9)[N9("<l\239<\2243\131",24065923556527)]LevelQuest=2 NameQuest=(R9)[N9("\196(\020\160\168\139\181\187|\171\248",865566049904)]NameMon=(R9)[N9("\153\170\133\235B\183\163",4721392521212)]CFrameQuest=(CFrame)[(R9)[N9("\159\206\017",32368710369759)]](-1598.08911,35.5501175,153.377838,0,0,1,0,1,0,-1,0,0)CFrameMon=(CFrame)[(R9)[N9("\250\150\147",28134625038135)]](-1129.8836669922,40.46354675293,-525.42370605469)elseif MyLevel>=30 and MyLevel<=39 or SelectMonster==(R9)[N9("\221\015\158\253q\242",18434935013737)]then Mon=(R9)[N9("KA\135L\196u",30271683686440)]LevelQuest=1 NameQuest=(R9)[N9("\245\207H\178r\161\170\r\031;m",112689177130)]NameMon=(R9)[N9("X\157,\240\252\198",31958183627693)]CFrameQuest=(CFrame)[(R9)[N9("\180n,",23175960638557)]](-1141.07483,4.10001802,3831.5498,.965929627,0,-0.258804798,0,1,0,.258804798,0,.965929627)CFrameMon=(CFrame)[(R9)[N9("\028\248/",25357742783391)]](-1103.5134277344,13.752052307129,3896.0910644531)elseif MyLevel>=40 and MyLevel<=59 or SelectMonster==(R9)[N9("r\187\187\024\248",19787194465959)]then Mon=(R9)[N9("\194P\132\239]",4964104282784)]LevelQuest=2 NameQuest=(R9)[N9("\b;\005\221\185\168\2244\177\133D",15463102499262)]NameMon=(R9)[N9("\184Gu\137\170",34945075376632)]CFrameQuest=(CFrame)[(R9)[N9("\020\018\028",7062497710176)]](-1141.07483,4.10001802,3831.5498,.965929627,0,-0.258804798,0,1,0,.258804798,0,.965929627)CFrameMon=(CFrame)[(R9)[N9("\133\026\028",20564094682655)]](-1140.0837402344,14.809885025024,4322.9213867188)elseif MyLevel>=60 and MyLevel<=74 or SelectMonster==(R9)[N9("\145\140\201]+G\153T\233%\129\004\170",20370434953805)]then Mon=(R9)[N9("[\238}P\143(Wk\0268\127(\186",1165426956083)]LevelQuest=1 NameQuest=(R9)[N9("\130\147|\092\1988\141Y4L\217",1813410826064)]NameMon=(R9)[N9("rX\162r=\250\216\v[&\191\133\024",1947425005932)]CFrameQuest=(CFrame)[(R9)[N9("Y\234\012",5620388862374)]](894.488647,5.14000702,4392.43359,.819155693,0,-0.573571265,0,1,0,.573571265,0,.819155693)CFrameMon=(CFrame)[(R9)[N9("W\245L",20401404262904)]](924.7998046875,6.4486746788025,4481.5859375)elseif MyLevel>=75 and MyLevel<=89 or SelectMonster==(R9)[N9("E>p\253\217\163s\229\250\135\243\164?k",26812974383654)]then Mon=(R9)[N9("\193H\143\133\19297\221\174\139\141wJ\228",6136626755134)]LevelQuest=2 NameQuest=(R9)[N9("N>\184\223\253\005^\228\135+m",2399813431355)]NameMon=(R9)[N9("\232\255\226\019=\020\a}{=}-.\b",31922037816288)]CFrameQuest=(CFrame)[(R9)[N9("k\174\142",18092104018780)]](894.488647,5.14000702,4392.43359,.819155693,0,-0.573571265,0,1,0,.573571265,0,.819155693)CFrameMon=(CFrame)[(R9)[N9("\182\002F",30622446060083)]](1608.2822265625,8.6142244338989,4371.0073242188)elseif MyLevel>=90 and MyLevel<=99 or SelectMonster==(R9)[N9("(\190o-v\163K\220\176\024\205",19372100697800)]then Mon=(R9)[N9("*E\162\236\194\016$\193\243\171 ",2556161131565)]LevelQuest=1 NameQuest=(R9)[N9("\197\226p\024o\234\240T\251",27692017540282)]NameMon=(R9)[N9("n\247 \024z:\197\231\210X\"",34011129704300)]CFrameQuest=(CFrame)[(R9)[N9(".\031e",7194466682743)]](1389.74451,88.1519318,-1298.90796,-0.342042685,0,.939684391,0,1,0,-0.939684391,0,-0.342042685)CFrameMon=(CFrame)[(R9)[N9("\147\019\092",23351980985693)]](1354.3479003906,87.272773742676,-1393.9465332031)elseif MyLevel>=100 and MyLevel<=119 or SelectMonster==(R9)[N9("\017\178\154)\244|\192",17860935315145)]then Mon=(R9)[N9("\157w{HR\135\183",31325662293359)]LevelQuest=2 NameQuest=(R9)[N9("8Ep\188\a\026I\246\146",21936580885788)]NameMon=(R9)[N9("\192\248[\149s\255\n",4738887701176)]CFrameQuest=(CFrame)[(R9)[N9("J\148D",3939859749040)]](1389.74451,88.1519318,-1298.90796,-0.342042685,0,.939684391,0,1,0,-0.939684391,0,-0.342042685)CFrameMon=(CFrame)[(R9)[N9("\218J\236",14738131394302)]](1201.6412353516,144.57958984375,-1550.0670166016)elseif MyLevel>=120 and MyLevel<=149 or SelectMonster==(R9)[N9("\189\160\137\132-\129\ta\005hZ\244*&@\135s~\162",22888606381756)]then Mon=(R9)[N9("\182\192\140\231dK\030\223\018//P\238L\191MM\192\249",5526144393205)]LevelQuest=1 NameQuest=(R9)[N9("7:\"\191g%${\208\158\160/",11155323064908)]NameMon=(R9)[N9("\166\205Y\183S/\224\197\160\165\215\255\208\242gG\0054\242",27238299713036)]CFrameQuest=(CFrame)[(R9)[N9("\131ke",9483168693130)]](-5039.58643,27.3500385,4324.68018,0,0,-1,0,1,0,1,0,0)CFrameMon=(CFrame)[(R9)[N9("|\028\139",12519601677010)]](-4881.2309570312,22.652044296265,4273.7524414062)elseif MyLevel>=150 and MyLevel<=174 or SelectMonster==(R9)[N9("\025\092m\250b\018\248?Ys",3440701957733)]then Mon=(R9)[N9("\141\022\003\139\176T\028\020\168`",26796672976632)]LevelQuest=1 NameQuest=(R9)[N9("\218QL\028r)\248\022",29726615119796)]NameMon=(R9)[N9("\155\160;\193\012\200\149\254\193\189",28302897695918)]CFrameQuest=(CFrame)[(R9)[N9("\232\215\254",29818452631651)]](-4839.53027,716.368591,-2619.44165,.866007268,0,.500031412,0,1,0,-0.500031412,0,.866007268)CFrameMon=(CFrame)[(R9)[N9("\014\a\242",19160989019153)]](-4953.20703125,295.74420166016,-2899.2290039062)elseif MyLevel>=175 and MyLevel<=189 or SelectMonster==(R9)[N9("@QC\221\027jJ\186\0033\148",35079132434421)]then Mon=(R9)[N9("\251\014\210?D_\180\152lm\241",13386737751928)]LevelQuest=2 NameQuest=(R9)[N9("p\245\210\199\197\165 '",30265743983734)]NameMon=(R9)[N9("\165\195\026t\227qE\223\153 \247",18261765807153)]CFrameQuest=(CFrame)[(R9)[N9("\022\023}",30701843746323)]](-4839.53027,716.368591,-2619.44165,.866007268,0,.500031412,0,1,0,-0.500031412,0,.866007268)CFrameMon=(CFrame)[(R9)[N9("Y\222\245",20495915062287)]](-5259.8447265625,391.39767456055,-2229.0354003906)elseif MyLevel>=190 and MyLevel<=209 or SelectMonster==(R9)[N9("9\239@\015t\029\n\182",32077618343520)]then Mon=(R9)[N9("\244x+k\191\206\201P",28041356313372)]LevelQuest=1 NameQuest=(R9)[N9("\175\017\248\142,yAk(\001\092\252\012",17910269716715)]NameMon=(R9)[N9("\138\212UD'\203\220$",18172687370112)]CFrameQuest=(CFrame)[(R9)[N9("8)\194",3799818730008)]](5308.93115,1.65517521,475.120514,-0.0894274712,-5.00292918e-009,-0.995993316,1.60817859e-009,1,-5.16744869e-009,.995993316,-2.06384709e-009,-0.0894274712)CFrameMon=(CFrame)[(R9)[N9("\092\205\167",31266491568608)]](5098.9736328125,-0.3204058110714,474.23733520508)elseif MyLevel>=210 and MyLevel<=249 or SelectMonster==(R9)[N9("6\222-\200eh\226\254\241\v\141\241)\012\170\026\247",312335296503)]then Mon=(R9)[N9("\214\140C(}\207h\156\000\092\129%\255\229\237E\2383",20097431274168)]LevelQuest=2 NameQuest=(R9)[N9("SI\192\203\157\171\207nGL\189w\241",16281336365584)]NameMon=(R9)[N9("\132\150\249O\223<04\001Y\006\181\137\133#\205@I",11240713045094)]CFrameQuest=(CFrame)[(R9)[N9("\201\198\245",8471615667804)]](5308.93115,1.65517521,475.120514,-0.0894274712,-5.00292918e-009,-0.995993316,1.60817859e-009,1,-5.16744869e-009,.995993316,-2.06384709e-009,-0.0894274712)CFrameMon=(CFrame)[(R9)[N9("[n\243",35033987981625)]](5654.5634765625,15.633401870728,866.29919433594)elseif MyLevel>=250 and MyLevel<=274 or SelectMonster==(R9)[N9("\150s#\163Rt\152 \240\169\141\180",16294564329994)]then Mon=(R9)[N9("4d\209}\a\170\252\181\012\219\149\134",34307216373944)]LevelQuest=1 NameQuest=(R9)[N9("R\146Qo\020\202zZ\164\1863\180\222\168",34598435625791)]NameMon=(R9)[N9("\222Q\219\195,k\229\137\219:\185\236",35053364940425)]CFrameQuest=(CFrame)[(R9)[N9("\017+Z",32076104946997)]](-1580.04663,6.35000277,-2986.47534,-0.515037298,0,-0.857167721,0,1,0,.857167721,0,-0.515037298)CFrameMon=(CFrame)[(R9)[N9("\180\231\212",11478481831258)]](-1820.21484375,51.683856964111,-2740.6650390625)elseif MyLevel>=275 and MyLevel<=299 or SelectMonster==(R9)[N9("\178f\127z\188\133I\030\092",938175926398)]then Mon=(R9)[N9("\134\242t\236\003\202\142_\233",2469368943971)]LevelQuest=2 NameQuest=(R9)[N9("e\1933\211\127\243\250\130vE2\141a\206",7464766354229)]NameMon=(R9)[N9("\192\151h5\244\234i6\134",6119749849862)]CFrameQuest=(CFrame)[(R9)[N9("\169\020\006",30057452316950)]](-1580.04663,6.35000277,-2986.47534,-0.515037298,0,-0.857167721,0,1,0,.857167721,0,-0.515037298)CFrameMon=(CFrame)[(R9)[N9("y\248\182",24328879377180)]](-1292.8381347656,56.380882263184,-3339.0314941406)elseif MyLevel>=300 and MyLevel<=324 or SelectMonster==(R9)[N9("mk\139J5\182Q\210\251\tN\129\249\194\137T",5400779185352)]then Mon=(R9)[N9("\175G\024#B:8Q\152\v%\215\a\129\161\251",11549746738724)]LevelQuest=1 NameQuest=(R9)[N9(">\218\205$\232G\154z\219[",7073063781960)]NameMon=(R9)[N9("\168\195\209T.\030\021)\190\188\241\143\227\195\218\012",13263964371974)]CFrameQuest=(CFrame)[(R9)[N9("\210\002?",32714424185800)]](-5313.37012,10.9500084,8515.29395,-0.499959469,0,.866048813,0,1,0,-0.866048813,0,-0.499959469)CFrameMon=(CFrame)[(R9)[N9("\230K\239",3508980093799)]](-5411.1645507812,11.081554412842,8454.29296875)elseif MyLevel>=325 and MyLevel<=374 or SelectMonster==(R9)[N9("c\204p\216\195\205\209\2513\215E\161",28695421436732)]then Mon=(R9)[N9("\240~\150uHA\209T\023\017n\246",33798749993540)]LevelQuest=2 NameQuest=(R9)[N9("\154\167\021\0202\133\235\199\155\014",20730026746099)]NameMon=(R9)[N9("\2219|m\186\187m\006\132\230b\251",11545757783993)]CFrameQuest=(CFrame)[(R9)[N9("\190O.",19289738222804)]](-5313.37012,10.9500084,8515.29395,-0.499959469,0,.866048813,0,1,0,-0.866048813,0,-0.499959469)CFrameMon=(CFrame)[(R9)[N9("\207\001\149",13562678482826)]](-5802.8681640625,86.262413024902,8828.859375)elseif MyLevel>=375 and MyLevel<=399 or SelectMonster==(R9)[N9("\003\145\216\1576z\135U\243U\2453\176\135h",19859326802256)]then Mon=(R9)[N9("\161\254\176S\195\195\129^\225\029\027\130?\164W",4445973398944)]LevelQuest=1 NameQuest=(R9)[N9("K\193E\160n\141x\177^=\146\n",24055411069715)]NameMon=(R9)[N9("\214\144\253\238]E{\141\130\t\001\222G\226l",18728403627850)]CFrameQuest=(CFrame)[(R9)[N9("N9?",13253604884298)]](61122.65234375,18.497442245483,1569.3997802734)CFrameMon=(CFrame)[(R9)[N9("\016\180K",31997505299662)]](60878.30078125,18.482830047607,1543.7574462891)if(_G)[(R9)[N9("m\148c\180;\202\127\222",7947244926673)]]and(((CFrameQuest)[(R9)[N9("\201\250L%\252}r^",1325799633752)]]-(((((game)[(R9)[N9("\255\194\151\165\"Z\239",1121757177589)]])[(R9)[N9("\250C.\204\226\015L\028\130{\156",29594798047746)]])[(R9)[N9("\144\217\147L\154.\208\232\248",26269126797714)]])[(R9)[N9("\020:\133\230\228b\174T\163c\003\155rm\a\195",26930086818490)]])[(R9)[N9("\234[9+\232\198X\024",12624331784674)]]))[(R9)[N9("\199\205&\190\195\204-\1415",23954329556428)]]>10000 then(((game:GetService((R9)[N9("\193x\2216\022\161\154\245\156\162\169\030\218Z\175|\173",28737341609466)])))[(R9)[N9("\234\a\149;\164\184\179",9892346191977)]])[(R9)[N9("\232\001\241\204\199\149",21644071663738)]]:InvokeServer((R9)[N9("\191U\b_\252^\176\217\211{>g\015\182\025",5831601258863)],(Vector3)[(R9)[N9("P\134G",9801132576588)]](61163.8515625,11.6796875,1819.7841796875))end elseif MyLevel>=400 and MyLevel<=449 or SelectMonster==(R9)[N9("\149/n\158\147t\177\127c\178\191\215Y\220\180\163",27291075604678)]then Mon=(R9)[N9("j\0060\179@i\026\215\157\149%\168I\147\205\198",1685627948774)]LevelQuest=2 NameQuest=(R9)[N9("\239}\185\240\177\167\027`\173w\002z",12979478548718)]NameMon=(R9)[N9("0\020\0122\005\164%S\a\1323M\151\192g|",16268087391820)]CFrameQuest=(CFrame)[(R9)[N9("\235Yk",10206364870614)]](61122.65234375,18.497442245483,1569.3997802734)CFrameMon=(CFrame)[(R9)[N9("\181\133\025",26672803414345)]](61922.6328125,18.482830047607,1493.9343261719)if(_G)[(R9)[N9("~\235\152\220\140`\003f",13074733816726)]]and(((CFrameQuest)[(R9)[N9("\168)4\131\182?,\030",21625773468078)]]-(((((game)[(R9)[N9("\230\211#Z\206\000\231",12841470030272)]])[(R9)[N9("\168\141\152\141\201P\228\028\015\132\159",15053679766056)]])[(R9)[N9("Yy\211=\221\225\200n\236",12966181623219)]])[(R9)[N9("\221\127\238z\245k\161\t5k\001O \014'\252",10910609793481)]])[(R9)[N9("l\155LS%3\215\027",16676753095465)]]))[(R9)[N9("\006'\018\237\242A\243\251\016",23137915768301)]]>10000 then(((game:GetService((R9)[N9("\187\176\179\177\092\214\199K\139\n\179\170\240\214|{\129",28582634537479)])))[(R9)[N9("a\b\016\200;|E",33914781631108)]])[(R9)[N9("\183\222Q~\218\026",12998680843485)]]:InvokeServer((R9)[N9("\232\161F\214\224\148\132\169\168\130`\166\220\149\012",30115653825588)],(Vector3)[(R9)[N9("\006\029\157",15401397667120)]](61163.8515625,11.6796875,1819.7841796875))end elseif MyLevel>=450 and MyLevel<=474 or SelectMonster==(R9)[N9("\164\250\167&8(:\174\029\200Z",31453778283683)]then Mon=(R9)[N9("\209AU\241\004\209\199)uu\151",13698737615088)]LevelQuest=1 NameQuest=(R9)[N9("=mF\192\2289\231\206hyp\167",21132548907846)]NameMon=(R9)[N9("U\168\030\2081=\015\030\163\188\200",22418533297453)]CFrameQuest=(CFrame)[(R9)[N9("\165\215\153",27582952702534)]](-4721.88867,843.874695,-1949.96643,.996191859,0,-0.0871884301,0,1,0,.0871884301,0,.996191859)CFrameMon=(CFrame)[(R9)[N9("\208Y\005",14034196403668)]](-4710.04296875,845.27697753906,-1927.3079833984)if(_G)[(R9)[N9("\031*L\143R\253y?",34696116616784)]]and(((CFrameQuest)[(R9)[N9("\158\229\229\001UxB\194",4878932982398)]]-(((((game)[(R9)[N9("j\027\208\1436\012\141",29913961246938)]])[(R9)[N9("$\2273\226G\183\252\175\194\177]",2791848843157)]])[(R9)[N9("\214<\225&\173\177\184\134\172",18691758610168)]])[(R9)[N9("\173\137\143GL\219\128\171\253\204GI\210\217\001\171",24394203127074)]])[(R9)[N9("\146\1678\133\198\222q\021",8787939238592)]]))[(R9)[N9("\214\003>\0172\232C\159\240",16166931932792)]]>10000 then(((game:GetService((R9)[N9("US;\141F\232S\209,\130\b\155\160\161\213Rj",21263466152474)])))[(R9)[N9("\238\r\026\247\152\199\180",6400994963519)]])[(R9)[N9("\139jE\237Rd",20918623596784)]]:InvokeServer((R9)[N9("\029\248\004\171\220C\003\254\247\139\213Eu\155Y",16318995352895)],(Vector3)[(R9)[N9("\020D\146",1581385808611)]](-4607.82275,872.54248,-1667.55688))end elseif MyLevel>=475 and MyLevel<=524 or SelectMonster==(R9)[N9("\255\027:\004ly",8851783708101)]then Mon=(R9)[N9("{<\177\178q\021",20981115206146)]LevelQuest=2 NameQuest=(R9)[N9("V\233l[j\1504\174\244=M\n",11155552905841)]NameMon=(R9)[N9("C\192\208Aw\142",31794532067699)]CFrameQuest=(CFrame)[(R9)[N9("U\169T",32282902953435)]](-7859.09814,5544.19043,-381.476196,-0.422592998,0,.906319618,0,1,0,-0.906319618,0,-0.422592998)CFrameMon=(CFrame)[(R9)[N9("W\249&",16532664377777)]](-7678.4897460938,5566.4038085938,-497.21560668945)if(_G)[(R9)[N9("\192E\220\241\253\028\173S",6942596421346)]]and(((CFrameQuest)[(R9)[N9("\170[\148b\238P\200\204",19419363407759)]]-(((((game)[(R9)[N9("d\140\207\151\142bu",30906094260010)]])[(R9)[N9("-\215\014\130h\015;*\194\005\029",13778488480835)]])[(R9)[N9("\184\164q\224\150\004ik\006",4989113441982)]])[(R9)[N9("\239\177k\215>T\092\238x\253\241\202\155s\247\137",33799778783332)]])[(R9)[N9("\023\017O3PXN4",6219268915022)]]))[(R9)[N9("\025\199\184\015yc^P\092",12646903753544)]]>10000 then(((game:GetService((R9)[N9("\233\026\183\213\030\235\232-Dm\212w\165\219\214\182\227",21922711614440)])))[(R9)[N9("\171\253\012\170dlw",32758014099367)]])[(R9)[N9("\143l\222\228\134\177",28207779192331)]]:InvokeServer((R9)[N9(",\015C\235\143&\232\131\164a\172\ru\194\092",7082095260404)],(Vector3)[(R9)[N9("\014\253\144",25594299083051)]](-7894.6176757813,5547.1416015625,-380.29119873047))end elseif MyLevel>=525 and MyLevel<=549 or SelectMonster==(R9)[N9("v!e\244\159'\092\189?\191W",9598210317535)]then Mon=(R9)[N9("\017\006\155(\252\157\233\182J\092p",17658477038182)]LevelQuest=1 NameQuest=(R9)[N9("\242\029>M\129\240\218\242\132\169\140\147",5068364087682)]NameMon=(R9)[N9("\231\151\253a\199R]\153y\127I",3966436315018)]CFrameQuest=(CFrame)[(R9)[N9("T\131\a",10261265644897)]](-7906.81592,5634.6626,-1411.99194,0,0,-1,0,1,0,1,0,0)CFrameMon=(CFrame)[(R9)[N9("\190\213\223",7632128635671)]](-7624.2524414062,5658.1333007812,-1467.3542480469)elseif MyLevel>=550 and MyLevel<=624 or SelectMonster==(R9)[N9("\164\152\199\207\003\024\238'\160\016\136\185\223",4764506185894)]then Mon=(R9)[N9("\006b#\193\167{z\253\197=\243\190\024",13231497796323)]LevelQuest=2 NameQuest=(R9)[N9("=\137A\135\176RR\246H\201\226\177",20262504474701)]NameMon=(R9)[N9("\186I\205\029\186Z\000\1313\127'\128@",32174748404009)]CFrameQuest=(CFrame)[(R9)[N9("\027\229\b",28987528890754)]](-7906.81592,5634.6626,-1411.99194,0,0,-1,0,1,0,1,0,0)CFrameMon=(CFrame)[(R9)[N9("zG^",32770985694976)]](-7836.7534179688,5645.6640625,-1790.6236572266)elseif MyLevel>=625 and MyLevel<=649 or SelectMonster==(R9)[N9("A_\139Y\025\232X\243n\167\219\131\143",32898883515546)]then Mon=(R9)[N9(";\t\000k\157\029\210x\240u\170\162\248",11016566778566)]LevelQuest=1 NameQuest=(R9)[N9("\252\198-[~\014\214s\0317\189\198\152",13710599694080)]NameMon=(R9)[N9("\214&cy]E\t\242'\205/\221\196",24703674795788)]CFrameQuest=(CFrame)[(R9)[N9(";\003\174",2790400211971)]](5259.81982,37.3500175,4050.0293,.087131381,0,.996196866,0,1,0,-0.996196866,0,.087131381)CFrameMon=(CFrame)[(R9)[N9("\246\156\175",24885959483090)]](5551.0219726562,78.901351928711,3930.4128417969)elseif MyLevel>=650 or SelectMonster==(R9)[N9("\248\018\130\224\"r\213\249W\020\254~r\v",2